spawns:
  default:
    world: 87b6b1a1-9d11-4a75-9f7e-755a5663fcf9
    x: -228.46891659963313
    y: 26.0
    z: 295.48570805924516
    yaw: 90.83943939208984
    pitch: 17.012054443359375
    world-name: spawn
