default: 
   Location: 
      x: -228.76823861473693
      y: 26.0
      z: 295.45794618388607
      pitch: 10.49976
      world: spawn
      yaw: 271.6176
